
#define RAW_DATA_LEN 212
uint16_t rawData[RAW_DATA_LEN]={
	3726, 1942, 406, 534, 410, 1474, 410, 534, 
	410, 1474, 410, 534, 410, 1474, 410, 534, 
	410, 1474, 410, 534, 410, 1474, 410, 534, 
	410, 1474, 410, 1474, 410, 534, 410, 1474, 
	410, 534, 410, 1474, 410, 1474, 410, 1478, 
	406, 1478, 406, 534, 410, 534, 410, 1474, 
	410, 1478, 406, 534, 410, 534, 410, 534, 
	410, 534, 410, 1474, 410, 534, 410, 534, 
	410, 534, 406, 538, 406, 538, 406, 538, 
	406, 534, 410, 534, 410, 534, 410, 534, 
	410, 534, 410, 1474, 410, 534, 406, 538, 
	406, 538, 406, 538, 406, 1478, 406, 534, 
	410, 538, 406, 1478, 406, 1478, 406, 534, 
	410, 538, 406, 538, 406, 1474, 410, 534, 
	410, 534, 410, 1478, 406, 1478, 406, 534, 
	410, 534, 410, 1474, 410, 534, 410, 534, 
	410, 534, 410, 534, 406, 538, 406, 538, 
	406, 1478, 406, 1478, 410, 1474, 410, 534, 
	406, 538, 406, 538, 406, 538, 406, 538, 
	406, 534, 410, 534, 410, 534, 410, 534, 
	410, 1474, 410, 534, 410, 534, 406, 538, 
	406, 538, 406, 534, 410, 534, 410, 534, 
	410, 534, 410, 538, 406, 534, 406, 1478, 
	410, 534, 410, 1474, 410, 1474, 410, 1478, 
	406, 1478, 406, 1478, 406, 534, 410, 534, 
	410, 538, 406, 534, 410, 534, 410, 1474, 
	410, 534, 410, 1000};
